Entry,Position,AminoAcid,Exposed/Buried,RelativeSurfaceAccessilibity,HelixProbability,SheetProbability,CoilProbability,EpitopeProbability
sp_P0DTC3_AP3A_SARS2,1,M,E,0.714,0.016,0.005,0.979,0.232444444444
sp_P0DTC3_AP3A_SARS2,2,D,E,0.505,0.118,0.150,0.732,0.286
sp_P0DTC3_AP3A_SARS2,3,L,B,0.199,0.231,0.330,0.439,0.327
sp_P0DTC3_AP3A_SARS2,4,F,B,0.171,0.159,0.516,0.325,0.373666666667
sp_P0DTC3_AP3A_SARS2,5,M,B,0.168,0.169,0.612,0.219,0.428111111111
sp_P0DTC3_AP3A_SARS2,6,R,B,0.216,0.169,0.612,0.219,0.432
sp_P0DTC3_AP3A_SARS2,7,I,B,0.094,0.172,0.690,0.138,0.422444444444
sp_P0DTC3_AP3A_SARS2,8,F,B,0.117,0.172,0.690,0.138,0.426222222222
sp_P0DTC3_AP3A_SARS2,9,T,B,0.192,0.087,0.683,0.230,0.424333333333
sp_P0DTC3_AP3A_SARS2,10,I,B,0.107,0.074,0.484,0.442,0.428555555556
sp_P0DTC3_AP3A_SARS2,11,G,B,0.202,0.074,0.484,0.442,0.422333333333
sp_P0DTC3_AP3A_SARS2,12,T,E,0.314,0.021,0.452,0.528,0.443777777778
sp_P0DTC3_AP3A_SARS2,13,V,B,0.126,0.024,0.655,0.322,0.461333333333
sp_P0DTC3_AP3A_SARS2,14,T,E,0.363,0.024,0.655,0.322,0.471333333333
sp_P0DTC3_AP3A_SARS2,15,L,B,0.175,0.022,0.552,0.426,0.493
sp_P0DTC3_AP3A_SARS2,16,K,E,0.528,0.021,0.452,0.528,0.494444444444
sp_P0DTC3_AP3A_SARS2,17,Q,E,0.567,0.022,0.359,0.619,0.514666666667
sp_P0DTC3_AP3A_SARS2,18,G,B,0.232,0.021,0.452,0.528,0.533666666667
sp_P0DTC3_AP3A_SARS2,19,E,E,0.627,0.022,0.552,0.426,0.542666666667
sp_P0DTC3_AP3A_SARS2,20,I,B,0.123,0.021,0.452,0.528,0.552777777778
sp_P0DTC3_AP3A_SARS2,21,K,E,0.664,0.020,0.205,0.775,0.549333333333
sp_P0DTC3_AP3A_SARS2,22,D,E,0.688,0.018,0.088,0.893,0.539777777778
sp_P0DTC3_AP3A_SARS2,23,A,E,0.303,0.018,0.047,0.935,0.542777777778
sp_P0DTC3_AP3A_SARS2,24,T,E,0.468,0.018,0.019,0.964,0.538444444444
sp_P0DTC3_AP3A_SARS2,25,P,E,0.354,0.116,0.016,0.868,0.547555555556
sp_P0DTC3_AP3A_SARS2,26,S,E,0.412,0.184,0.043,0.773,0.534666666667
sp_P0DTC3_AP3A_SARS2,27,D,E,0.527,0.191,0.086,0.723,0.525555555556
sp_P0DTC3_AP3A_SARS2,28,F,B,0.267,0.216,0.235,0.548,0.505333333333
sp_P0DTC3_AP3A_SARS2,29,V,B,0.14,0.148,0.418,0.435,0.494
sp_P0DTC3_AP3A_SARS2,30,R,E,0.382,0.159,0.516,0.325,0.476555555556
sp_P0DTC3_AP3A_SARS2,31,A,B,0.197,0.079,0.592,0.329,0.469888888889
sp_P0DTC3_AP3A_SARS2,32,T,E,0.379,0.087,0.683,0.230,0.454444444444
sp_P0DTC3_AP3A_SARS2,33,A,B,0.152,0.024,0.655,0.322,0.443
sp_P0DTC3_AP3A_SARS2,34,T,E,0.446,0.024,0.655,0.322,0.439333333333
sp_P0DTC3_AP3A_SARS2,35,I,B,0.116,0.021,0.452,0.528,0.437
sp_P0DTC3_AP3A_SARS2,36,P,E,0.343,0.021,0.452,0.528,0.438555555556
sp_P0DTC3_AP3A_SARS2,37,I,B,0.147,0.074,0.484,0.442,0.451222222222
sp_P0DTC3_AP3A_SARS2,38,Q,E,0.452,0.074,0.484,0.442,0.459777777778
sp_P0DTC3_AP3A_SARS2,39,A,B,0.179,0.069,0.386,0.545,0.469777777778
sp_P0DTC3_AP3A_SARS2,40,S,E,0.506,0.064,0.216,0.721,0.465111111111
sp_P0DTC3_AP3A_SARS2,41,L,B,0.086,0.052,0.084,0.864,0.456444444444
sp_P0DTC3_AP3A_SARS2,42,P,B,0.251,0.113,0.043,0.844,0.438555555556
sp_P0DTC3_AP3A_SARS2,43,F,B,0.146,0.455,0.046,0.498,0.411888888889
sp_P0DTC3_AP3A_SARS2,44,G,B,0.119,0.660,0.049,0.291,0.378555555556
sp_P0DTC3_AP3A_SARS2,45,W,B,0.115,0.831,0.044,0.125,0.337
sp_P0DTC3_AP3A_SARS2,46,L,B,0.089,0.911,0.033,0.057,0.309333333333
sp_P0DTC3_AP3A_SARS2,47,I,B,0.097,0.911,0.033,0.057,0.279555555556
sp_P0DTC3_AP3A_SARS2,48,V,B,0.073,0.938,0.007,0.055,0.248777777778
sp_P0DTC3_AP3A_SARS2,49,G,B,0.071,0.938,0.007,0.055,0.23
sp_P0DTC3_AP3A_SARS2,50,V,B,0.114,0.975,0.003,0.022,0.224
sp_P0DTC3_AP3A_SARS2,51,A,B,0.107,0.975,0.003,0.022,0.215333333333
sp_P0DTC3_AP3A_SARS2,52,L,B,0.07,0.970,0.001,0.029,0.211222222222
sp_P0DTC3_AP3A_SARS2,53,L,B,0.086,0.970,0.001,0.029,0.256333333333
sp_P0DTC3_AP3A_SARS2,54,A,B,0.15,0.975,0.003,0.022,0.293888888889
sp_P0DTC3_AP3A_SARS2,55,V,B,0.086,0.938,0.007,0.055,0.326888888889
sp_P0DTC3_AP3A_SARS2,56,F,B,0.075,0.878,0.010,0.111,0.360222222222
sp_P0DTC3_AP3A_SARS2,57,Q,E,0.391,0.802,0.014,0.185,0.401777777778
sp_P0DTC3_AP3A_SARS2,58,S,E,0.376,0.522,0.016,0.462,0.435444444444
sp_P0DTC3_AP3A_SARS2,59,A,B,0.134,0.430,0.016,0.555,0.456444444444
sp_P0DTC3_AP3A_SARS2,60,S,B,0.325,0.455,0.046,0.498,0.492555555556
sp_P0DTC3_AP3A_SARS2,61,K,E,0.427,0.453,0.248,0.299,0.524222222222
sp_P0DTC3_AP3A_SARS2,62,I,B,0.125,0.478,0.309,0.214,0.523555555556
sp_P0DTC3_AP3A_SARS2,63,I,B,0.137,0.391,0.466,0.143,0.539
sp_P0DTC3_AP3A_SARS2,64,T,E,0.309,0.391,0.466,0.143,0.550777777778
sp_P0DTC3_AP3A_SARS2,65,L,B,0.127,0.478,0.309,0.214,0.557555555556
sp_P0DTC3_AP3A_SARS2,66,K,E,0.462,0.538,0.173,0.289,0.559333333333
sp_P0DTC3_AP3A_SARS2,67,K,E,0.507,0.606,0.105,0.289,0.557
sp_P0DTC3_AP3A_SARS2,68,R,E,0.356,0.725,0.163,0.112,0.538444444444
sp_P0DTC3_AP3A_SARS2,69,W,B,0.091,0.701,0.107,0.192,0.521555555556
sp_P0DTC3_AP3A_SARS2,70,Q,E,0.354,0.779,0.101,0.120,0.517
sp_P0DTC3_AP3A_SARS2,71,L,B,0.163,0.870,0.077,0.053,0.512222222222
sp_P0DTC3_AP3A_SARS2,72,A,B,0.089,0.831,0.044,0.125,0.493222222222
sp_P0DTC3_AP3A_SARS2,73,L,B,0.101,0.831,0.044,0.125,0.462444444444
sp_P0DTC3_AP3A_SARS2,74,S,E,0.292,0.751,0.050,0.199,0.453666666667
sp_P0DTC3_AP3A_SARS2,75,K,E,0.39,0.522,0.016,0.462,0.435111111111
sp_P0DTC3_AP3A_SARS2,76,G,B,0.15,0.406,0.004,0.591,0.404111111111
sp_P0DTC3_AP3A_SARS2,77,V,B,0.065,0.717,0.014,0.269,0.385555555556
sp_P0DTC3_AP3A_SARS2,78,H,E,0.284,0.831,0.044,0.125,0.381777777778
sp_P0DTC3_AP3A_SARS2,79,F,B,0.126,0.911,0.033,0.057,0.351
sp_P0DTC3_AP3A_SARS2,80,V,B,0.054,0.950,0.028,0.022,0.315555555556
sp_P0DTC3_AP3A_SARS2,81,C,B,0.036,0.975,0.003,0.022,0.288444444444
sp_P0DTC3_AP3A_SARS2,82,N,B,0.192,0.975,0.003,0.022,0.263444444444
sp_P0DTC3_AP3A_SARS2,83,L,B,0.087,0.975,0.003,0.022,0.218333333333
sp_P0DTC3_AP3A_SARS2,84,L,B,0.073,0.975,0.003,0.022,0.184111111111
sp_P0DTC3_AP3A_SARS2,85,L,B,0.082,0.975,0.003,0.022,0.178666666667
sp_P0DTC3_AP3A_SARS2,86,L,B,0.085,0.970,0.001,0.029,0.172777777778
sp_P0DTC3_AP3A_SARS2,87,F,B,0.079,0.970,0.001,0.029,0.168
sp_P0DTC3_AP3A_SARS2,88,V,B,0.074,0.975,0.003,0.022,0.175444444444
sp_P0DTC3_AP3A_SARS2,89,T,B,0.139,0.975,0.003,0.022,0.183444444444
sp_P0DTC3_AP3A_SARS2,90,V,B,0.059,0.923,0.002,0.076,0.174777777778
sp_P0DTC3_AP3A_SARS2,91,Y,B,0.118,0.923,0.002,0.076,0.187
sp_P0DTC3_AP3A_SARS2,92,S,B,0.167,0.923,0.002,0.076,0.192222222222
sp_P0DTC3_AP3A_SARS2,93,H,B,0.136,0.923,0.002,0.076,0.194444444444
sp_P0DTC3_AP3A_SARS2,94,L,B,0.06,0.938,0.007,0.055,0.200444444444
sp_P0DTC3_AP3A_SARS2,95,L,B,0.077,0.938,0.007,0.055,0.234
sp_P0DTC3_AP3A_SARS2,96,L,B,0.079,0.938,0.007,0.055,0.256222222222
sp_P0DTC3_AP3A_SARS2,97,V,B,0.062,0.878,0.010,0.111,0.280222222222
sp_P0DTC3_AP3A_SARS2,98,A,B,0.121,0.831,0.044,0.125,0.309555555556
sp_P0DTC3_AP3A_SARS2,99,A,B,0.182,0.622,0.015,0.363,0.347444444444
sp_P0DTC3_AP3A_SARS2,100,G,E,0.287,0.430,0.016,0.555,0.375555555556
sp_P0DTC3_AP3A_SARS2,101,L,B,0.138,0.339,0.016,0.645,0.404777777778
sp_P0DTC3_AP3A_SARS2,102,E,E,0.476,0.430,0.016,0.555,0.424888888889
sp_P0DTC3_AP3A_SARS2,103,A,B,0.117,0.430,0.016,0.555,0.433222222222
sp_P0DTC3_AP3A_SARS2,104,P,B,0.259,0.622,0.015,0.363,0.403111111111
sp_P0DTC3_AP3A_SARS2,105,F,B,0.089,0.878,0.010,0.111,0.374333333333
sp_P0DTC3_AP3A_SARS2,106,L,B,0.102,0.938,0.007,0.055,0.340777777778
sp_P0DTC3_AP3A_SARS2,107,Y,B,0.104,0.975,0.003,0.022,0.298333333333
sp_P0DTC3_AP3A_SARS2,108,L,B,0.046,0.988,0.000,0.012,0.271222222222
sp_P0DTC3_AP3A_SARS2,109,Y,B,0.11,0.988,0.000,0.012,0.256
sp_P0DTC3_AP3A_SARS2,110,A,B,0.074,0.988,0.000,0.012,0.226555555556
sp_P0DTC3_AP3A_SARS2,111,L,B,0.064,0.988,0.000,0.012,0.220111111111
sp_P0DTC3_AP3A_SARS2,112,V,B,0.066,0.988,0.000,0.012,0.229333333333
sp_P0DTC3_AP3A_SARS2,113,Y,B,0.124,0.988,0.000,0.012,0.243888888889
sp_P0DTC3_AP3A_SARS2,114,F,B,0.068,0.970,0.001,0.029,0.252555555556
sp_P0DTC3_AP3A_SARS2,115,L,B,0.102,0.970,0.001,0.029,0.285222222222
sp_P0DTC3_AP3A_SARS2,116,Q,E,0.292,0.923,0.002,0.076,0.304777777778
sp_P0DTC3_AP3A_SARS2,117,S,B,0.055,0.859,0.002,0.139,0.302333333333
sp_P0DTC3_AP3A_SARS2,118,I,B,0.063,0.859,0.002,0.139,0.304666666667
sp_P0DTC3_AP3A_SARS2,119,N,B,0.238,0.859,0.002,0.139,0.319777777778
sp_P0DTC3_AP3A_SARS2,120,F,B,0.082,0.923,0.002,0.076,0.323555555556
sp_P0DTC3_AP3A_SARS2,121,V,B,0.031,0.970,0.001,0.029,0.317555555556
sp_P0DTC3_AP3A_SARS2,122,R,B,0.186,0.975,0.003,0.022,0.318555555556
sp_P0DTC3_AP3A_SARS2,123,I,B,0.047,0.975,0.003,0.022,0.317666666667
sp_P0DTC3_AP3A_SARS2,124,I,B,0.034,0.975,0.003,0.022,0.306666666667
sp_P0DTC3_AP3A_SARS2,125,M,B,0.05,0.938,0.007,0.055,0.309888888889
sp_P0DTC3_AP3A_SARS2,126,R,B,0.14,0.938,0.007,0.055,0.321555555556
sp_P0DTC3_AP3A_SARS2,127,L,B,0.023,0.911,0.033,0.057,0.328222222222
sp_P0DTC3_AP3A_SARS2,128,W,B,0.059,0.779,0.101,0.120,0.347555555556
sp_P0DTC3_AP3A_SARS2,129,L,B,0.045,0.725,0.163,0.112,0.353444444444
sp_P0DTC3_AP3A_SARS2,130,C,B,0.032,0.578,0.229,0.194,0.382777777778
sp_P0DTC3_AP3A_SARS2,131,W,B,0.093,0.373,0.401,0.226,0.416777777778
sp_P0DTC3_AP3A_SARS2,132,K,E,0.379,0.252,0.423,0.325,0.447888888889
sp_P0DTC3_AP3A_SARS2,133,C,B,0.054,0.125,0.227,0.648,0.463666666667
sp_P0DTC3_AP3A_SARS2,134,R,E,0.506,0.113,0.087,0.800,0.484111111111
sp_P0DTC3_AP3A_SARS2,135,S,E,0.557,0.053,0.043,0.903,0.512222222222
sp_P0DTC3_AP3A_SARS2,136,K,E,0.626,0.018,0.047,0.935,0.518777777778
sp_P0DTC3_AP3A_SARS2,137,N,E,0.465,0.018,0.019,0.964,0.522666666667
sp_P0DTC3_AP3A_SARS2,138,P,B,0.29,0.018,0.088,0.893,0.537444444444
sp_P0DTC3_AP3A_SARS2,139,L,B,0.171,0.022,0.359,0.619,0.518333333333
sp_P0DTC3_AP3A_SARS2,140,L,B,0.155,0.022,0.552,0.426,0.505888888889
sp_P0DTC3_AP3A_SARS2,141,Y,B,0.216,0.024,0.655,0.322,0.491444444444
sp_P0DTC3_AP3A_SARS2,142,D,E,0.298,0.022,0.552,0.426,0.470666666667
sp_P0DTC3_AP3A_SARS2,143,A,B,0.137,0.020,0.205,0.775,0.44
sp_P0DTC3_AP3A_SARS2,144,N,E,0.316,0.022,0.359,0.619,0.403
sp_P0DTC3_AP3A_SARS2,145,Y,B,0.092,0.021,0.756,0.223,0.392777777778
sp_P0DTC3_AP3A_SARS2,146,F,B,0.038,0.018,0.846,0.136,0.382555555556
sp_P0DTC3_AP3A_SARS2,147,L,B,0.029,0.018,0.846,0.136,0.385555555556
sp_P0DTC3_AP3A_SARS2,148,C,B,0.02,0.018,0.846,0.136,0.402111111111
sp_P0DTC3_AP3A_SARS2,149,W,B,0.059,0.018,0.846,0.136,0.402555555556
sp_P0DTC3_AP3A_SARS2,150,H,B,0.129,0.024,0.655,0.322,0.411777777778
sp_P0DTC3_AP3A_SARS2,151,T,B,0.152,0.021,0.279,0.699,0.429777777778
sp_P0DTC3_AP3A_SARS2,152,N,E,0.441,0.018,0.088,0.893,0.449444444444
sp_P0DTC3_AP3A_SARS2,153,C,B,0.237,0.018,0.088,0.893,0.463222222222
sp_P0DTC3_AP3A_SARS2,154,Y,B,0.195,0.020,0.205,0.775,0.466333333333
sp_P0DTC3_AP3A_SARS2,155,D,E,0.34,0.022,0.359,0.619,0.478666666667
sp_P0DTC3_AP3A_SARS2,156,Y,B,0.172,0.022,0.552,0.426,0.483222222222
sp_P0DTC3_AP3A_SARS2,157,C,B,0.05,0.022,0.552,0.426,0.489555555556
sp_P0DTC3_AP3A_SARS2,158,I,B,0.094,0.022,0.552,0.426,0.498777777778
sp_P0DTC3_AP3A_SARS2,159,P,B,0.236,0.022,0.359,0.619,0.505888888889
sp_P0DTC3_AP3A_SARS2,160,Y,B,0.262,0.018,0.088,0.893,0.516888888889
sp_P0DTC3_AP3A_SARS2,161,N,E,0.545,0.018,0.047,0.935,0.522666666667
sp_P0DTC3_AP3A_SARS2,162,S,E,0.451,0.018,0.141,0.840,0.533222222222
sp_P0DTC3_AP3A_SARS2,163,V,B,0.15,0.022,0.359,0.619,0.511222222222
sp_P0DTC3_AP3A_SARS2,164,T,E,0.4,0.022,0.359,0.619,0.499555555556
sp_P0DTC3_AP3A_SARS2,165,S,E,0.391,0.004,0.336,0.660,0.463333333333
sp_P0DTC3_AP3A_SARS2,166,S,B,0.195,0.003,0.718,0.279,0.443444444444
sp_P0DTC3_AP3A_SARS2,167,I,B,0.066,0.001,0.959,0.040,0.439444444444
sp_P0DTC3_AP3A_SARS2,168,V,B,0.132,0.001,0.959,0.040,0.436444444444
sp_P0DTC3_AP3A_SARS2,169,I,B,0.071,0.001,0.959,0.040,0.448444444444
sp_P0DTC3_AP3A_SARS2,170,T,B,0.196,0.002,0.816,0.182,0.469222222222
sp_P0DTC3_AP3A_SARS2,171,S,E,0.45,0.004,0.420,0.576,0.496555555556
sp_P0DTC3_AP3A_SARS2,172,G,E,0.425,0.004,0.085,0.910,0.546777777778
sp_P0DTC3_AP3A_SARS2,173,D,E,0.591,0.018,0.047,0.935,0.565333333333
sp_P0DTC3_AP3A_SARS2,174,G,E,0.381,0.018,0.141,0.840,0.613
sp_P0DTC3_AP3A_SARS2,175,T,E,0.36,0.020,0.205,0.775,0.631555555556
sp_P0DTC3_AP3A_SARS2,176,T,E,0.479,0.020,0.205,0.775,0.630444444444
sp_P0DTC3_AP3A_SARS2,177,S,E,0.365,0.052,0.084,0.864,0.636
sp_P0DTC3_AP3A_SARS2,178,P,E,0.425,0.113,0.087,0.800,0.631333333333
sp_P0DTC3_AP3A_SARS2,179,I,E,0.442,0.118,0.150,0.732,0.631777777778
sp_P0DTC3_AP3A_SARS2,180,S,E,0.307,0.118,0.150,0.732,0.630777777778
sp_P0DTC3_AP3A_SARS2,181,E,E,0.621,0.199,0.152,0.649,0.620888888889
sp_P0DTC3_AP3A_SARS2,182,H,E,0.541,0.199,0.152,0.649,0.617333333333
sp_P0DTC3_AP3A_SARS2,183,D,E,0.449,0.199,0.152,0.649,0.611555555556
sp_P0DTC3_AP3A_SARS2,184,Y,B,0.217,0.216,0.235,0.548,0.603
sp_P0DTC3_AP3A_SARS2,185,Q,E,0.5,0.135,0.317,0.548,0.605111111111
sp_P0DTC3_AP3A_SARS2,186,I,B,0.172,0.135,0.317,0.548,0.604777777778
sp_P0DTC3_AP3A_SARS2,187,G,B,0.271,0.064,0.216,0.721,0.603333333333
sp_P0DTC3_AP3A_SARS2,188,G,E,0.401,0.064,0.216,0.721,0.595777777778
sp_P0DTC3_AP3A_SARS2,189,Y,B,0.283,0.064,0.216,0.721,0.585777777778
sp_P0DTC3_AP3A_SARS2,190,T,E,0.39,0.125,0.227,0.648,0.592888888889
sp_P0DTC3_AP3A_SARS2,191,E,E,0.633,0.386,0.097,0.517,0.594333333333
sp_P0DTC3_AP3A_SARS2,192,K,E,0.62,0.455,0.046,0.498,0.592444444444
sp_P0DTC3_AP3A_SARS2,193,W,E,0.3,0.455,0.046,0.498,0.584
sp_P0DTC3_AP3A_SARS2,194,E,E,0.6,0.455,0.046,0.498,0.585111111111
sp_P0DTC3_AP3A_SARS2,195,S,E,0.539,0.257,0.016,0.727,0.578555555556
sp_P0DTC3_AP3A_SARS2,196,G,E,0.405,0.184,0.043,0.773,0.541555555556
sp_P0DTC3_AP3A_SARS2,197,V,B,0.104,0.191,0.086,0.723,0.501777777778
sp_P0DTC3_AP3A_SARS2,198,K,E,0.434,0.125,0.227,0.648,0.458666666667
sp_P0DTC3_AP3A_SARS2,199,D,E,0.33,0.066,0.296,0.638,0.414777777778
sp_P0DTC3_AP3A_SARS2,200,C,B,0.061,0.087,0.683,0.230,0.402222222222
sp_P0DTC3_AP3A_SARS2,201,V,B,0.043,0.072,0.855,0.073,0.383444444444
sp_P0DTC3_AP3A_SARS2,202,V,B,0.055,0.072,0.855,0.073,0.384444444444
sp_P0DTC3_AP3A_SARS2,203,L,B,0.043,0.085,0.775,0.140,0.370333333333
sp_P0DTC3_AP3A_SARS2,204,H,B,0.114,0.079,0.592,0.329,0.355888888889
sp_P0DTC3_AP3A_SARS2,205,S,B,0.127,0.148,0.418,0.435,0.375555555556
sp_P0DTC3_AP3A_SARS2,206,Y,B,0.203,0.231,0.330,0.439,0.407666666667
sp_P0DTC3_AP3A_SARS2,207,F,B,0.121,0.231,0.330,0.439,0.439111111111
sp_P0DTC3_AP3A_SARS2,208,T,B,0.234,0.321,0.252,0.427,0.469444444444
sp_P0DTC3_AP3A_SARS2,209,S,E,0.465,0.321,0.252,0.427,0.470333333333
sp_P0DTC3_AP3A_SARS2,210,D,B,0.28,0.352,0.332,0.316,0.476888888889
sp_P0DTC3_AP3A_SARS2,211,Y,B,0.174,0.373,0.401,0.226,0.482777777778
sp_P0DTC3_AP3A_SARS2,212,Y,B,0.243,0.268,0.505,0.227,0.493777777778
sp_P0DTC3_AP3A_SARS2,213,Q,E,0.38,0.273,0.587,0.140,0.502555555556
sp_P0DTC3_AP3A_SARS2,214,L,B,0.134,0.169,0.612,0.219,0.510222222222
sp_P0DTC3_AP3A_SARS2,215,Y,E,0.394,0.169,0.612,0.219,0.498222222222
sp_P0DTC3_AP3A_SARS2,216,S,E,0.495,0.079,0.592,0.329,0.511111111111
sp_P0DTC3_AP3A_SARS2,217,T,E,0.374,0.079,0.592,0.329,0.535111111111
sp_P0DTC3_AP3A_SARS2,218,Q,E,0.522,0.024,0.655,0.322,0.559111111111
sp_P0DTC3_AP3A_SARS2,219,L,B,0.158,0.022,0.552,0.426,0.578888888889
sp_P0DTC3_AP3A_SARS2,220,S,E,0.377,0.021,0.452,0.528,0.589222222222
sp_P0DTC3_AP3A_SARS2,221,T,E,0.466,0.066,0.296,0.638,0.571777777778
sp_P0DTC3_AP3A_SARS2,222,D,E,0.532,0.118,0.150,0.732,0.579333333333
sp_P0DTC3_AP3A_SARS2,223,T,E,0.435,0.113,0.087,0.800,0.576444444444
sp_P0DTC3_AP3A_SARS2,224,G,E,0.393,0.052,0.084,0.864,0.566777777778
sp_P0DTC3_AP3A_SARS2,225,V,B,0.143,0.118,0.150,0.732,0.547888888889
sp_P0DTC3_AP3A_SARS2,226,E,E,0.518,0.066,0.296,0.638,0.489666666667
sp_P0DTC3_AP3A_SARS2,227,H,E,0.384,0.074,0.484,0.442,0.457777777778
sp_P0DTC3_AP3A_SARS2,228,V,B,0.069,0.087,0.683,0.230,0.426444444444
sp_P0DTC3_AP3A_SARS2,229,T,B,0.136,0.085,0.775,0.140,0.398555555556
sp_P0DTC3_AP3A_SARS2,230,F,B,0.062,0.072,0.855,0.073,0.407222222222
sp_P0DTC3_AP3A_SARS2,231,F,B,0.079,0.072,0.855,0.073,0.402333333333
sp_P0DTC3_AP3A_SARS2,232,I,B,0.044,0.151,0.816,0.033,0.391555555556
sp_P0DTC3_AP3A_SARS2,233,Y,B,0.068,0.265,0.667,0.069,0.392888888889
sp_P0DTC3_AP3A_SARS2,234,N,B,0.231,0.352,0.332,0.316,0.406444444444
sp_P0DTC3_AP3A_SARS2,235,K,E,0.369,0.538,0.173,0.289,0.448666666667
sp_P0DTC3_AP3A_SARS2,236,I,B,0.129,0.538,0.173,0.289,0.467444444444
sp_P0DTC3_AP3A_SARS2,237,V,B,0.119,0.386,0.097,0.517,0.492333333333
sp_P0DTC3_AP3A_SARS2,238,D,E,0.676,0.113,0.043,0.844,0.515555555556
sp_P0DTC3_AP3A_SARS2,239,E,E,0.539,0.018,0.019,0.964,0.528777777778
sp_P0DTC3_AP3A_SARS2,240,P,E,0.479,0.058,0.017,0.925,0.507888888889
sp_P0DTC3_AP3A_SARS2,241,E,E,0.545,0.058,0.017,0.925,0.520666666667
sp_P0DTC3_AP3A_SARS2,242,E,E,0.606,0.018,0.047,0.935,0.527333333333
sp_P0DTC3_AP3A_SARS2,243,H,E,0.445,0.018,0.141,0.840,0.522555555556
sp_P0DTC3_AP3A_SARS2,244,V,B,0.08,0.004,0.616,0.381,0.514111111111
sp_P0DTC3_AP3A_SARS2,245,Q,E,0.424,0.002,0.816,0.182,0.505222222222
sp_P0DTC3_AP3A_SARS2,246,I,B,0.163,0.001,0.900,0.099,0.513222222222
sp_P0DTC3_AP3A_SARS2,247,H,B,0.219,0.001,0.900,0.099,0.517111111111
sp_P0DTC3_AP3A_SARS2,248,T,E,0.372,0.002,0.816,0.182,0.529
sp_P0DTC3_AP3A_SARS2,249,I,B,0.131,0.004,0.616,0.381,0.563444444444
sp_P0DTC3_AP3A_SARS2,250,D,E,0.502,0.021,0.279,0.699,0.570222222222
sp_P0DTC3_AP3A_SARS2,251,G,E,0.368,0.018,0.047,0.935,0.577888888889
sp_P0DTC3_AP3A_SARS2,252,S,E,0.613,0.053,0.043,0.903,0.573222222222
sp_P0DTC3_AP3A_SARS2,253,S,E,0.551,0.053,0.043,0.903,0.577111111111
sp_P0DTC3_AP3A_SARS2,254,G,B,0.299,0.052,0.084,0.864,0.591111111111
sp_P0DTC3_AP3A_SARS2,255,V,B,0.238,0.064,0.216,0.721,0.582222222222
sp_P0DTC3_AP3A_SARS2,256,V,B,0.283,0.125,0.227,0.648,0.57
sp_P0DTC3_AP3A_SARS2,257,N,E,0.373,0.118,0.150,0.732,0.566666666667
sp_P0DTC3_AP3A_SARS2,258,P,E,0.368,0.113,0.087,0.800,0.550444444444
sp_P0DTC3_AP3A_SARS2,259,V,E,0.315,0.113,0.087,0.800,0.539777777778
sp_P0DTC3_AP3A_SARS2,260,M,B,0.248,0.199,0.152,0.649,0.555555555556
sp_P0DTC3_AP3A_SARS2,261,E,E,0.484,0.113,0.087,0.800,0.572777777778
sp_P0DTC3_AP3A_SARS2,262,P,E,0.384,0.191,0.086,0.723,0.574888888889
sp_P0DTC3_AP3A_SARS2,263,I,B,0.174,0.191,0.086,0.723,0.575666666667
sp_P0DTC3_AP3A_SARS2,264,Y,B,0.296,0.113,0.087,0.800,0.582111111111
sp_P0DTC3_AP3A_SARS2,265,D,E,0.619,0.113,0.087,0.800,0.596444444444
sp_P0DTC3_AP3A_SARS2,266,E,E,0.585,0.053,0.043,0.903,0.582666666667
sp_P0DTC3_AP3A_SARS2,267,P,E,0.409,0.018,0.047,0.935,0.594888888889
sp_P0DTC3_AP3A_SARS2,268,T,E,0.458,0.018,0.047,0.935,0.604888888889
sp_P0DTC3_AP3A_SARS2,269,T,E,0.434,0.018,0.088,0.893,0.590222222222
sp_P0DTC3_AP3A_SARS2,270,T,E,0.392,0.018,0.141,0.840,0.587666666667
sp_P0DTC3_AP3A_SARS2,271,T,E,0.489,0.020,0.205,0.775,0.577111111111
sp_P0DTC3_AP3A_SARS2,272,S,E,0.551,0.021,0.279,0.699,0.510666666667
sp_P0DTC3_AP3A_SARS2,273,V,B,0.272,0.020,0.205,0.775,0.441
sp_P0DTC3_AP3A_SARS2,274,P,E,0.501,0.004,0.085,0.910,0.370666666667
sp_P0DTC3_AP3A_SARS2,275,L,E,0.714,0.003,0.003,0.994,0.310888888889
